State:    4LDA  :  -9.13206 GW-PERT  : -13.70495 GW  : -13.64656 HF-pert : -14.12327
State:    5LDA  :  -0.58211 GW-PERT  :   0.88549 GW  :   0.88549 HF-pert :   0.88549
State:    4 GW (Im) :   0.06792
State:    5 GW (Im) :  -0.00000
